id;zone1_id;zone2_id;euclidean_distance
54578;1;2;23.0
54579;1;3;30.0
54580;1;4;41.0
54581;1;5;57.0
54582;1;6;64.0
54583;1;7;72.0
54584;1;8;82.0
54585;1;9;97.0
54586;1;10;106.0
54587;1;11;128.0
54588;1;12;130.0
54589;1;13;130.0
54590;1;14;106.0
54591;1;15;101.0
54592;1;16;95.0
54593;1;17;116.0
54594;1;18;81.0
54595;1;19;37.0
54596;1;20;100.0
54597;1;21;75.0
54598;1;22;15.0
54599;1;23;11.0
54600;1;24;19.0
54601;1;25;23.0
54602;1;26;28.0
54603;1;27;49.0
54604;1;28;51.0
54605;1;29;50.0
54606;1;30;51.0
54607;1;31;56.0
54608;1;32;64.0
54609;1;33;86.0
54610;1;34;83.0
54611;1;35;54.0
54612;1;36;32.0
54613;1;37;121.0
54614;1;38;94.0
54615;1;39;87.0
54616;1;40;130.0
54617;1;41;119.0
54618;1;42;125.0
54619;1;43;136.0
54620;1;44;94.0
54621;1;45;99.0
54622;1;46;100.0
54623;1;47;98.0
54624;1;48;91.0
54625;1;49;82.0
54626;1;50;79.0
54627;1;51;67.0
54628;1;52;55.0
54629;1;53;48.0
54630;1;54;40.0
54631;1;55;31.0
54632;1;56;27.0
54633;1;57;23.0
54634;1;58;16.0
54635;1;59;10.0
54636;1;60;8.0
54637;1;61;14.0
54638;1;62;20.0
54639;1;63;25.0
54640;1;64;21.0
54641;1;65;25.0
54642;1;66;62.0
54643;1;67;112.0
54644;1;68;104.0
54645;1;69;88.0
54646;2;1;23.0
54647;2;3;9.0
54648;2;4;23.0
54649;2;5;40.0
54650;2;6;47.0
54651;2;7;55.0
54652;2;8;64.0
54653;2;9;78.0
54654;2;10;87.0
54655;2;11;110.0
54656;2;12;115.0
54657;2;13;118.0
54658;2;14;97.0
54659;2;15;93.0
54660;2;16;86.0
54661;2;17;102.0
54662;2;18;67.0
54663;2;19;26.0
54664;2;20;89.0
54665;2;21;59.0
54666;2;22;11.0
54667;2;23;32.0
54668;2;24;35.0
54669;2;25;40.0
54670;2;26;49.0
54671;2;27;67.0
54672;2;28;65.0
54673;2;29;61.0
54674;2;30;59.0
54675;2;31;62.0
54676;2;32;69.0
54677;2;33;86.0
54678;2;34;75.0
54679;2;35;54.0
54680;2;36;40.0
54681;2;37;109.0
54682;2;38;86.0
54683;2;39;85.0
54684;2;40;114.0
54685;2;41;101.0
54686;2;42;106.0
54687;2;43;117.0
54688;2;44;74.0
54689;2;45;80.0
54690;2;46;83.0
54691;2;47;81.0
54692;2;48;75.0
54693;2;49;68.0
54694;2;50;62.0
54695;2;51;50.0
54696;2;52;39.0
54697;2;53;34.0
54698;2;54;23.0
54699;2;55;20.0
54700;2;56;13.0
54701;2;57;7.0
54702;2;58;8.0
54703;2;59;24.0
54704;2;60;29.0
54705;2;61;37.0
54706;2;62;40.0
54707;2;63;46.0
54708;2;64;36.0
54709;2;65;23.0
54710;2;66;52.0
54711;2;67;92.0
54712;2;68;88.0
54713;2;69;76.0
54714;3;1;30.0
54715;3;2;9.0
54716;3;4;13.0
54717;3;5;31.0
54718;3;6;38.0
54719;3;7;46.0
54720;3;8;54.0
54721;3;9;68.0
54722;3;10;78.0
54723;3;11;101.0
54724;3;12;106.0
54725;3;13;108.0
54726;3;14;88.0
54727;3;15;85.0
54728;3;16;78.0
54729;3;17;93.0
54730;3;18;58.0
54731;3;19;19.0
54732;3;20;80.0
54733;3;21;50.0
54734;3;22;20.0
54735;3;23;38.0
54736;3;24;38.0
54737;3;25;43.0
54738;3;26;53.0
54739;3;27;68.0
54740;3;28;65.0
54741;3;29;60.0
54742;3;30;57.0
54743;3;31;59.0
54744;3;32;66.0
54745;3;33;80.0
54746;3;34;68.0
54747;3;35;48.0
54748;3;36;39.0
54749;3;37;100.0
54750;3;38;78.0
54751;3;39;78.0
54752;3;40;104.0
54753;3;41;91.0
54754;3;42;96.0
54755;3;43;108.0
54756;3;44;65.0
54757;3;45;71.0
54758;3;46;73.0
54759;3;47;72.0
54760;3;48;66.0
54761;3;49;58.0
54762;3;50;52.0
54763;3;51;41.0
54764;3;52;30.0
54765;3;53;26.0
54766;3;54;14.0
54767;3;55;15.0
54768;3;56;8.0
54769;3;57;7.0
54770;3;58;17.0
54771;3;59;32.0
54772;3;60;35.0
54773;3;61;43.0
54774;3;62;44.0
54775;3;63;50.0
54776;3;64;39.0
54777;3;65;21.0
54778;3;66;44.0
54779;3;67;83.0
54780;3;68;78.0
54781;3;69;67.0
54782;4;1;41.0
54783;4;2;23.0
54784;4;3;13.0
54785;4;5;17.0
54786;4;6;24.0
54787;4;7;32.0
54788;4;8;41.0
54789;4;9;55.0
54790;4;10;65.0
54791;4;11;87.0
54792;4;12;92.0
54793;4;13;95.0
54794;4;14;75.0
54795;4;15;73.0
54796;4;16;66.0
54797;4;17;79.0
54798;4;18;44.0
54799;4;19;13.0
54800;4;20;67.0
54801;4;21;36.0
54802;4;22;32.0
54803;4;23;47.0
54804;4;24;45.0
54805;4;25;49.0
54806;4;26;60.0
54807;4;27;71.0
54808;4;28;66.0
54809;4;29;59.0
54810;4;30;55.0
54811;4;31;55.0
54812;4;32;61.0
54813;4;33;72.0
54814;4;34;56.0
54815;4;35;42.0
54816;4;36;40.0
54817;4;37;87.0
54818;4;38;66.0
54819;4;39;68.0
54820;4;40;91.0
54821;4;41;78.0
54822;4;42;83.0
54823;4;43;95.0
54824;4;44;52.0
54825;4;45;57.0
54826;4;46;60.0
54827;4;47;58.0
54828;4;48;52.0
54829;4;49;45.0
54830;4;50;39.0
54831;4;51;27.0
54832;4;52;16.0
54833;4;53;14.0
54834;4;54;4.0
54835;4;55;15.0
54836;4;56;14.0
54837;4;57;19.0
54838;4;58;30.0
54839;4;59;45.0
54840;4;60;44.0
54841;4;61;52.0
54842;4;62;52.0
54843;4;63;58.0
54844;4;64;44.0
54845;4;65;23.0
54846;4;66;33.0
54847;4;67;70.0
54848;4;68;65.0
54849;4;69;54.0
54850;5;1;57.0
54851;5;2;40.0
54852;5;3;31.0
54853;5;4;17.0
54854;5;6;7.0
54855;5;7;15.0
54856;5;8;25.0
54857;5;9;39.0
54858;5;10;48.0
54859;5;11;70.0
54860;5;12;74.0
54861;5;13;77.0
54862;5;14;59.0
54863;5;15;57.0
54864;5;16;50.0
54865;5;17;61.0
54866;5;18;27.0
54867;5;19;21.0
54868;5;20;51.0
54869;5;21;19.0
54870;5;22;49.0
54871;5;23;61.0
54872;5;24;57.0
54873;5;25;60.0
54874;5;26;72.0
54875;5;27;78.0
54876;5;28;71.0
54877;5;29;63.0
54878;5;30;57.0
54879;5;31;55.0
54880;5;32;58.0
54881;5;33;63.0
54882;5;34;42.0
54883;5;35;39.0
54884;5;36;47.0
54885;5;37;70.0
54886;5;38;51.0
54887;5;39;57.0
54888;5;40;73.0
54889;5;41;61.0
54890;5;42;67.0
54891;5;43;79.0
54892;5;44;38.0
54893;5;45;41.0
54894;5;46;43.0
54895;5;47;41.0
54896;5;48;34.0
54897;5;49;27.0
54898;5;50;22.0
54899;5;51;10.0
54900;5;52;3.0
54901;5;53;11.0
54902;5;54;17.0
54903;5;55;27.0
54904;5;56;30.0
54905;5;57;36.0
54906;5;58;47.0
54907;5;59;62.0
54908;5;60;58.0
54909;5;61;66.0
54910;5;62;64.0
54911;5;63;69.0
54912;5;64;55.0
54913;5;65;34.0
54914;5;66;21.0
54915;5;67;55.0
54916;5;68;47.0
54917;5;69;37.0
54918;6;1;64.0
54919;6;2;47.0
54920;6;3;38.0
54921;6;4;24.0
54922;6;5;7.0
54923;6;7;8.0
54924;6;8;19.0
54925;6;9;33.0
54926;6;10;42.0
54927;6;11;63.0
54928;6;12;67.0
54929;6;13;70.0
54930;6;14;53.0
54931;6;15;52.0
54932;6;16;45.0
54933;6;17;54.0
54934;6;18;20.0
54935;6;19;27.0
54936;6;20;44.0
54937;6;21;12.0
54938;6;22;57.0
54939;6;23;67.0
54940;6;24;62.0
54941;6;25;65.0
54942;6;26;77.0
54943;6;27;82.0
54944;6;28;74.0
54945;6;29;66.0
54946;6;30;59.0
54947;6;31;56.0
54948;6;32;59.0
54949;6;33;61.0
54950;6;34;38.0
54951;6;35;40.0
54952;6;36;51.0
54953;6;37;63.0
54954;6;38;45.0
54955;6;39;54.0
54956;6;40;66.0
54957;6;41;55.0
54958;6;42;61.0
54959;6;43;73.0
54960;6;44;33.0
54961;6;45;35.0
54962;6;46;36.0
54963;6;47;34.0
54964;6;48;27.0
54965;6;49;20.0
54966;6;50;15.0
54967;6;51;4.0
54968;6;52;9.0
54969;6;53;16.0
54970;6;54;25.0
54971;6;55;33.0
54972;6;56;37.0
54973;6;57;43.0
54974;6;58;54.0
54975;6;59;69.0
54976;6;60;65.0
54977;6;61;73.0
54978;6;62;70.0
54979;6;63;74.0
54980;6;64;60.0
54981;6;65;40.0
54982;6;66;19.0
54983;6;67;49.0
54984;6;68;40.0
54985;6;69;31.0
54986;7;1;72.0
54987;7;2;55.0
54988;7;3;46.0
54989;7;4;32.0
54990;7;5;15.0
54991;7;6;8.0
54992;7;8;11.0
54993;7;9;25.0
54994;7;10;34.0
54995;7;11;55.0
54996;7;12;60.0
54997;7;13;64.0
54998;7;14;49.0
54999;7;15;49.0
55000;7;16;42.0
55001;7;17;47.0
55002;7;18;15.0
55003;7;19;35.0
55004;7;20;40.0
55005;7;21;7.0
55006;7;22;64.0
55007;7;23;75.0
55008;7;24;70.0
55009;7;25;73.0
55010;7;26;85.0
55011;7;27;89.0
55012;7;28;81.0
55013;7;29;72.0
55014;7;30;65.0
55015;7;31;62.0
55016;7;32;64.0
55017;7;33;63.0
55018;7;34;38.0
55019;7;35;45.0
55020;7;36;59.0
55021;7;37;58.0
55022;7;38;43.0
55023;7;39;54.0
55024;7;40;58.0
55025;7;41;46.0
55026;7;42;52.0
55027;7;43;65.0
55028;7;44;26.0
55029;7;45;27.0
55030;7;46;28.0
55031;7;47;26.0
55032;7;48;20.0
55033;7;49;15.0
55034;7;50;7.0
55035;7;51;6.0
55036;7;52;16.0
55037;7;53;24.0
55038;7;54;32.0
55039;7;55;41.0
55040;7;56;45.0
55041;7;57;51.0
55042;7;58;62.0
55043;7;59;77.0
55044;7;60;73.0
55045;7;61;81.0
55046;7;62;78.0
55047;7;63;82.0
55048;7;64;68.0
55049;7;65;49.0
55050;7;66;24.0
55051;7;67;41.0
55052;7;68;32.0
55053;7;69;27.0
55054;8;1;82.0
55055;8;2;64.0
55056;8;3;54.0
55057;8;4;41.0
55058;8;5;25.0
55059;8;6;19.0
55060;8;7;11.0
55061;8;9;14.0
55062;8;10;23.0
55063;8;11;46.0
55064;8;12;53.0
55065;8;13;60.0
55066;8;14;50.0
55067;8;15;51.0
55068;8;16;45.0
55069;8;17;42.0
55070;8;18;18.0
55071;8;19;46.0
55072;8;20;41.0
55073;8;21;13.0
55074;8;22;74.0
55075;8;23;86.0
55076;8;24;81.0
55077;8;25;84.0
55078;8;26;96.0
55079;8;27;100.0
55080;8;28;92.0
55081;8;29;83.0
55082;8;30;76.0
55083;8;31;73.0
55084;8;32;74.0
55085;8;33;70.0
55086;8;34;43.0
55087;8;35;56.0
55088;8;36;70.0
55089;8;37;55.0
55090;8;38;46.0
55091;8;39;61.0
55092;8;40;50.0
55093;8;41;36.0
55094;8;42;42.0
55095;8;43;54.0
55096;8;44;15.0
55097;8;45;16.0
55098;8;46;19.0
55099;8;47;19.0
55100;8;48;15.0
55101;8;49;17.0
55102;8;50;5.0
55103;8;51;16.0
55104;8;52;27.0
55105;8;53;35.0
55106;8;54;42.0
55107;8;55;52.0
55108;8;56;55.0
55109;8;57;60.0
55110;8;58;71.0
55111;8;59;87.0
55112;8;60;84.0
55113;8;61;91.0
55114;8;62;89.0
55115;8;63;93.0
55116;8;64;79.0
55117;8;65;59.0
55118;8;66;34.0
55119;8;67;30.0
55120;8;68;25.0
55121;8;69;30.0
55122;9;1;97.0
55123;9;2;78.0
55124;9;3;68.0
55125;9;4;55.0
55126;9;5;39.0
55127;9;6;33.0
55128;9;7;25.0
55129;9;8;14.0
55130;9;10;9.0
55131;9;11;33.0
55132;9;12;44.0
55133;9;13;53.0
55134;9;14;51.0
55135;9;15;55.0
55136;9;16;50.0
55137;9;17;35.0
55138;9;18;27.0
55139;9;19;60.0
55140;9;20;42.0
55141;9;21;26.0
55142;9;22;88.0
55143;9;23;100.0
55144;9;24;96.0
55145;9;25;99.0
55146;9;26;111.0
55147;9;27;114.0
55148;9;28;105.0
55149;9;29;97.0
55150;9;30;89.0
55151;9;31;85.0
55152;9;32;86.0
55153;9;33;79.0
55154;9;34;51.0
55155;9;35;69.0
55156;9;36;84.0
55157;9;37;51.0
55158;9;38;50.0
55159;9;39;68.0
55160;9;40;38.0
55161;9;41;23.0
55162;9;42;28.0
55163;9;43;39.0
55164;9;44;9.0
55165;9;45;3.0
55166;9;46;10.0
55167;9;47;13.0
55168;9;48;16.0
55169;9;49;25.0
55170;9;50;18.0
55171;9;51;31.0
55172;9;52;41.0
55173;9;53;50.0
55174;9;54;56.0
55175;9;55;67.0
55176;9;56;69.0
55177;9;57;74.0
55178;9;58;85.0
55179;9;59;101.0
55180;9;60;98.0
55181;9;61;106.0
55182;9;62;104.0
55183;9;63;108.0
55184;9;64;94.0
55185;9;65;74.0
55186;9;66;47.0
55187;9;67;15.0
55188;9;68;18.0
55189;9;69;35.0
55190;10;1;106.0
55191;10;2;87.0
55192;10;3;78.0
55193;10;4;65.0
55194;10;5;48.0
55195;10;6;42.0
55196;10;7;34.0
55197;10;8;23.0
55198;10;9;9.0
55199;10;11;23.0
55200;10;12;35.0
55201;10;13;46.0
55202;10;14;48.0
55203;10;15;53.0
55204;10;16;50.0
55205;10;17;28.0
55206;10;18;31.0
55207;10;19;69.0
55208;10;20;41.0
55209;10;21;33.0
55210;10;22;97.0
55211;10;23;109.0
55212;10;24;104.0
55213;10;25;107.0
55214;10;26;119.0
55215;10;27;121.0
55216;10;28;112.0
55217;10;29;103.0
55218;10;30;96.0
55219;10;31;91.0
55220;10;32;91.0
55221;10;33;81.0
55222;10;34;53.0
55223;10;35;75.0
55224;10;36;92.0
55225;10;37;46.0
55226;10;38;50.0
55227;10;39;70.0
55228;10;40;28.0
55229;10;41;13.0
55230;10;42;18.0
55231;10;43;30.0
55232;10;44;17.0
55233;10;45;8.0
55234;10;46;8.0
55235;10;47;13.0
55236;10;48;19.0
55237;10;49;29.0
55238;10;50;27.0
55239;10;51;39.0
55240;10;52;50.0
55241;10;53;58.0
55242;10;54;66.0
55243;10;55;76.0
55244;10;56;79.0
55245;10;57;84.0
55246;10;58;95.0
55247;10;59;111.0
55248;10;60;107.0
55249;10;61;115.0
55250;10;62;112.0
55251;10;63;116.0
55252;10;64;102.0
55253;10;65;83.0
55254;10;66;53.0
55255;10;67;10.0
55256;10;68;14.0
55257;10;69;37.0
55258;11;1;128.0
55259;11;2;110.0
55260;11;3;101.0
55261;11;4;87.0
55262;11;5;70.0
55263;11;6;63.0
55264;11;7;55.0
55265;11;8;46.0
55266;11;9;33.0
55267;11;10;23.0
55268;11;12;19.0
55269;11;13;33.0
55270;11;14;49.0
55271;11;15;56.0
55272;11;16;55.0
55273;11;17;22.0
55274;11;18;48.0
55275;11;19;90.0
55276;11;20;45.0
55277;11;21;53.0
55278;11;22;120.0
55279;11;23;130.0
55280;11;24;124.0
55281;11;25;126.0
55282;11;26;138.0
55283;11;27;137.0
55284;11;28;127.0
55285;11;29;118.0
55286;11;30;111.0
55287;11;31;106.0
55288;11;32;104.0
55289;11;33;89.0
55290;11;34;63.0
55291;11;35;90.0
55292;11;36;111.0
55293;11;37;38.0
55294;11;38;56.0
55295;11;39;77.0
55296;11;40;6.0
55297;11;41;10.0
55298;11;42;12.0
55299;11;43;18.0
55300;11;44;40.0
55301;11;45;31.0
55302;11;46;27.0
55303;11;47;29.0
55304;11;48;36.0
55305;11;49;46.0
55306;11;50;48.0
55307;11;51;61.0
55308;11;52;72.0
55309;11;53;79.0
55310;11;54;88.0
55311;11;55;97.0
55312;11;56;101.0
55313;11;57;106.0
55314;11;58;117.0
55315;11;59;133.0
55316;11;60;128.0
55317;11;61;136.0
55318;11;62;132.0
55319;11;63;136.0
55320;11;64;122.0
55321;11;65;103.0
55322;11;66;70.0
55323;11;67;24.0
55324;11;68;24.0
55325;11;69;48.0
55326;12;1;130.0
55327;12;2;115.0
55328;12;3;106.0
55329;12;4;92.0
55330;12;5;74.0
55331;12;6;67.0
55332;12;7;60.0
55333;12;8;53.0
55334;12;9;44.0
55335;12;10;35.0
55336;12;11;19.0
55337;12;13;14.0
55338;12;14;36.0
55339;12;15;44.0
55340;12;16;45.0
55341;12;17;13.0
55342;12;18;48.0
55343;12;19;92.0
55344;12;20;35.0
55345;12;21;56.0
55346;12;22;124.0
55347;12;23;131.0
55348;12;24;124.0
55349;12;25;125.0
55350;12;26;136.0
55351;12;27;132.0
55352;12;28;122.0
55353;12;29;113.0
55354;12;30;106.0
55355;12;31;100.0
55356;12;32;96.0
55357;12;33;78.0
55358;12;34;56.0
55359;12;35;86.0
55360;12;36;109.0
55361;12;37;22.0
55362;12;38;46.0
55363;12;39;67.0
55364;12;40;14.0
55365;12;41;26.0
55366;12;42;30.0
55367;12;43;35.0
55368;12;44;53.0
55369;12;45;42.0
55370;12;46;35.0
55371;12;47;34.0
55372;12;48;40.0
55373;12;49;47.0
55374;12;50;53.0
55375;12;51;65.0
55376;12;52;76.0
55377;12;53;82.0
55378;12;54;92.0
55379;12;55;99.0
55380;12;56;104.0
55381;12;57;110.0
55382;12;58;121.0
55383;12;59;136.0
55384;12;60;129.0
55385;12;61;136.0
55386;12;62;131.0
55387;12;63;134.0
55388;12;64;121.0
55389;12;65;105.0
55390;12;66;69.0
55391;12;67;40.0
55392;12;68;28.0
55393;12;69;43.0
55394;13;1;130.0
55395;13;2;118.0
55396;13;3;108.0
55397;13;4;95.0
55398;13;5;77.0
55399;13;6;70.0
55400;13;7;64.0
55401;13;8;60.0
55402;13;9;53.0
55403;13;10;46.0
55404;13;11;33.0
55405;13;12;14.0
55406;13;14;27.0
55407;13;15;35.0
55408;13;16;39.0
55409;13;17;18.0
55410;13;18;50.0
55411;13;19;93.0
55412;13;20;31.0
55413;13;21;60.0
55414;13;22;126.0
55415;13;23;130.0
55416;13;24;122.0
55417;13;25;123.0
55418;13;26;134.0
55419;13;27;127.0
55420;13;28;116.0
55421;13;29;108.0
55422;13;30;100.0
55423;13;31;94.0
55424;13;32;90.0
55425;13;33;69.0
55426;13;34;51.0
55427;13;35;82.0
55428;13;36;106.0
55429;13;37;11.0
55430;13;38;39.0
55431;13;39;58.0
55432;13;40;28.0
55433;13;41;39.0
55434;13;42;45.0
55435;13;43;50.0
55436;13;44;62.0
55437;13;45;52.0
55438;13;46;44.0
55439;13;47;41.0
55440;13;48;45.0
55441;13;49;50.0
55442;13;50;59.0
55443;13;51;68.0
55444;13;52;78.0
55445;13;53;83.0
55446;13;54;94.0
55447;13;55;100.0
55448;13;56;106.0
55449;13;57;112.0
55450;13;58;123.0
55451;13;59;137.0
55452;13;60;128.0
55453;13;61;135.0
55454;13;62;129.0
55455;13;63;132.0
55456;13;64;119.0
55457;13;65;104.0
55458;13;66;68.0
55459;13;67;52.0
55460;13;68;35.0
55461;13;69;42.0
55462;14;1;106.0
55463;14;2;97.0
55464;14;3;88.0
55465;14;4;75.0
55466;14;5;59.0
55467;14;6;53.0
55468;14;7;49.0
55469;14;8;50.0
55470;14;9;51.0
55471;14;10;48.0
55472;14;11;49.0
55473;14;12;36.0
55474;14;13;27.0
55475;14;15;8.0
55476;14;16;11.0
55477;14;17;26.0
55478;14;18;33.0
55479;14;19;71.0
55480;14;20;9.0
55481;14;21;44.0
55482;14;22;104.0
55483;14;23;105.0
55484;14;24;96.0
55485;14;25;96.0
55486;14;26;107.0
55487;14;27;99.0
55488;14;28;88.0
55489;14;29;80.0
55490;14;30;73.0
55491;14;31;66.0
55492;14;32;62.0
55493;14;33;42.0
55494;14;34;24.0
55495;14;35;56.0
55496;14;36;80.0
55497;14;37;17.0
55498;14;38;12.0
55499;14;39;30.0
55500;14;40;47.0
55501;14;41;49.0
55502;14;42;57.0
55503;14;43;67.0
55504;14;44;59.0
55505;14;45;50.0
55506;14;46;42.0
55507;14;47;37.0
55508;14;48;36.0
55509;14;49;34.0
55510;14;50;47.0
55511;14;51;52.0
55512;14;52;60.0
55513;14;53;62.0
55514;14;54;74.0
55515;14;55;78.0
55516;14;56;84.0
55517;14;57;91.0
55518;14;58;102.0
55519;14;59;114.0
55520;14;60;104.0
55521;14;61;109.0
55522;14;62;103.0
55523;14;63;105.0
55524;14;64;93.0
55525;14;65;81.0
55526;14;66;44.0
55527;14;67;58.0
55528;14;68;34.0
55529;14;69;22.0
55530;15;1;101.0
55531;15;2;93.0
55532;15;3;85.0
55533;15;4;73.0
55534;15;5;57.0
55535;15;6;52.0
55536;15;7;49.0
55537;15;8;51.0
55538;15;9;55.0
55539;15;10;53.0
55540;15;11;56.0
55541;15;12;44.0
55542;15;13;35.0
55543;15;14;8.0
55544;15;16;7.0
55545;15;17;34.0
55546;15;18;34.0
55547;15;19;67.0
55548;15;20;12.0
55549;15;21;44.0
55550;15;22;99.0
55551;15;23;99.0
55552;15;24;90.0
55553;15;25;90.0
55554;15;26;100.0
55555;15;27;91.0
55556;15;28;81.0
55557;15;29;73.0
55558;15;30;65.0
55559;15;31;59.0
55560;15;32;54.0
55561;15;33;34.0
55562;15;34;19.0
55563;15;35;49.0
55564;15;36;74.0
55565;15;37;25.0
55566;15;38;7.0
55567;15;39;22.0
55568;15;40;54.0
55569;15;41;56.0
55570;15;42;64.0
55571;15;43;74.0
55572;15;44;63.0
55573;15;45;54.0
55574;15;46;47.0
55575;15;47;42.0
55576;15;48;39.0
55577;15;49;35.0
55578;15;50;48.0
55579;15;51;51.0
55580;15;52;58.0
55581;15;53;59.0
55582;15;54;71.0
55583;15;55;73.0
55584;15;56;81.0
55585;15;57;87.0
55586;15;58;97.0
55587;15;59;109.0
55588;15;60;98.0
55589;15;61;103.0
55590;15;62;97.0
55591;15;63;98.0
55592;15;64;87.0
55593;15;65;76.0
55594;15;66;40.0
55595;15;67;63.0
55596;15;68;39.0
55597;15;69;22.0
55598;16;1;95.0
55599;16;2;86.0
55600;16;3;78.0
55601;16;4;66.0
55602;16;5;50.0
55603;16;6;45.0
55604;16;7;42.0
55605;16;8;45.0
55606;16;9;50.0
55607;16;10;50.0
55608;16;11;55.0
55609;16;12;45.0
55610;16;13;39.0
55611;16;14;11.0
55612;16;15;7.0
55613;16;17;34.0
55614;16;18;27.0
55615;16;19;60.0
55616;16;20;10.0
55617;16;21;38.0
55618;16;22;93.0
55619;16;23;93.0
55620;16;24;85.0
55621;16;25;85.0
55622;16;26;95.0
55623;16;27;88.0
55624;16;28;77.0
55625;16;29;69.0
55626;16;30;61.0
55627;16;31;55.0
55628;16;32;51.0
55629;16;33;33.0
55630;16;34;13.0
55631;16;35;44.0
55632;16;36;68.0
55633;16;37;28.0
55634;16;38;3.0
55635;16;39;22.0
55636;16;40;54.0
55637;16;41;53.0
55638;16;42;61.0
55639;16;43;72.0
55640;16;44;57.0
55641;16;45;49.0
55642;16;46;42.0
55643;16;47;37.0
55644;16;48;34.0
55645;16;49;29.0
55646;16;50;41.0
55647;16;51;44.0
55648;16;52;51.0
55649;16;53;52.0
55650;16;54;64.0
55651;16;55;67.0
55652;16;56;74.0
55653;16;57;80.0
55654;16;58;91.0
55655;16;59;103.0
55656;16;60;92.0
55657;16;61;97.0
55658;16;62;91.0
55659;16;63;93.0
55660;16;64;81.0
55661;16;65;69.0
55662;16;66;34.0
55663;16;67;59.0
55664;16;68;36.0
55665;16;69;16.0
55666;17;1;116.0
55667;17;2;102.0
55668;17;3;93.0
55669;17;4;79.0
55670;17;5;61.0
55671;17;6;54.0
55672;17;7;47.0
55673;17;8;42.0
55674;17;9;35.0
55675;17;10;28.0
55676;17;11;22.0
55677;17;12;13.0
55678;17;13;18.0
55679;17;14;26.0
55680;17;15;34.0
55681;17;16;34.0
55682;17;18;35.0
55683;17;19;79.0
55684;17;20;23.0
55685;17;21;43.0
55686;17;22;111.0
55687;17;23;117.0
55688;17;24;110.0
55689;17;25;112.0
55690;17;26;123.0
55691;17;27;119.0
55692;17;28;109.0
55693;17;29;100.0
55694;17;30;93.0
55695;17;31;87.0
55696;17;32;84.0
55697;17;33;67.0
55698;17;34;43.0
55699;17;35;73.0
55700;17;36;95.0
55701;17;37;18.0
55702;17;38;34.0
55703;17;39;56.0
55704;17;40;20.0
55705;17;41;24.0
55706;17;42;31.0
55707;17;43;40.0
55708;17;44;44.0
55709;17;45;33.0
55710;17;46;26.0
55711;17;47;23.0
55712;17;48;28.0
55713;17;49;34.0
55714;17;50;41.0
55715;17;51;52.0
55716;17;52;63.0
55717;17;53;68.0
55718;17;54;79.0
55719;17;55;86.0
55720;17;56;91.0
55721;17;57;97.0
55722;17;58;108.0
55723;17;59;123.0
55724;17;60;116.0
55725;17;61;122.0
55726;17;62;118.0
55727;17;63;121.0
55728;17;64;107.0
55729;17;65;91.0
55730;17;66;55.0
55731;17;67;36.0
55732;17;68;17.0
55733;17;69;30.0
55734;18;1;81.0
55735;18;2;67.0
55736;18;3;58.0
55737;18;4;44.0
55738;18;5;27.0
55739;18;6;20.0
55740;18;7;15.0
55741;18;8;18.0
55742;18;9;27.0
55743;18;10;31.0
55744;18;11;48.0
55745;18;12;48.0
55746;18;13;50.0
55747;18;14;33.0
55748;18;15;34.0
55749;18;16;27.0
55750;18;17;35.0
55751;18;19;44.0
55752;18;20;24.0
55753;18;21;12.0
55754;18;22;76.0
55755;18;23;83.0
55756;18;24;76.0
55757;18;25;78.0
55758;18;26;90.0
55759;18;27;89.0
55760;18;28;80.0
55761;18;29;71.0
55762;18;30;64.0
55763;18;31;59.0
55764;18;32;59.0
55765;18;33;52.0
55766;18;34;25.0
55767;18;35;43.0
55768;18;36;62.0
55769;18;37;43.0
55770;18;38;28.0
55771;18;39;42.0
55772;18;40;50.0
55773;18;41;41.0
55774;18;42;48.0
55775;18;43;61.0
55776;18;44;32.0
55777;18;45;27.0
55778;18;46;23.0
55779;18;47;19.0
55780;18;48;12.0
55781;18;49;3.0
55782;18;50;14.0
55783;18;51;19.0
55784;18;52;28.0
55785;18;53;33.0
55786;18;54;44.0
55787;18;55;51.0
55788;18;56;56.0
55789;18;57;62.0
55790;18;58;73.0
55791;18;59;88.0
55792;18;60;81.0
55793;18;61;88.0
55794;18;62;84.0
55795;18;63;87.0
55796;18;64;74.0
55797;18;65;56.0
55798;18;66;22.0
55799;18;67;41.0
55800;18;68;23.0
55801;18;69;12.0
55802;19;1;37.0
55803;19;2;26.0
55804;19;3;19.0
55805;19;4;13.0
55806;19;5;21.0
55807;19;6;27.0
55808;19;7;35.0
55809;19;8;46.0
55810;19;9;60.0
55811;19;10;69.0
55812;19;11;90.0
55813;19;12;92.0
55814;19;13;93.0
55815;19;14;71.0
55816;19;15;67.0
55817;19;16;60.0
55818;19;17;79.0
55819;19;18;44.0
55820;19;20;64.0
55821;19;21;38.0
55822;19;22;33.0
55823;19;23;40.0
55824;19;24;36.0
55825;19;25;39.0
55826;19;26;51.0
55827;19;27;59.0
55828;19;28;54.0
55829;19;29;47.0
55830;19;30;42.0
55831;19;31;42.0
55832;19;32;48.0
55833;19;33;61.0
55834;19;34;49.0
55835;19;35;30.0
55836;19;36;28.0
55837;19;37;84.0
55838;19;38;60.0
55839;19;39;59.0
55840;19;40;93.0
55841;19;41;82.0
55842;19;42;88.0
55843;19;43;100.0
55844;19;44;59.0
55845;19;45;62.0
55846;19;46;63.0
55847;19;47;61.0
55848;19;48;54.0
55849;19;49;45.0
55850;19;50;42.0
55851;19;51;30.0
55852;19;52;19.0
55853;19;53;11.0
55854;19;54;10.0
55855;19;55;7.0
55856;19;56;14.0
55857;19;57;20.0
55858;19;58;30.0
55859;19;59;44.0
55860;19;60;38.0
55861;19;61;45.0
55862;19;62;43.0
55863;19;63;48.0
55864;19;64;34.0
55865;19;65;13.0
55866;19;66;26.0
55867;19;67;76.0
55868;19;68;66.0
55869;19;69;51.0
55870;20;1;100.0
55871;20;2;89.0
55872;20;3;80.0
55873;20;4;67.0
55874;20;5;51.0
55875;20;6;44.0
55876;20;7;40.0
55877;20;8;41.0
55878;20;9;42.0
55879;20;10;41.0
55880;20;11;45.0
55881;20;12;35.0
55882;20;13;31.0
55883;20;14;9.0
55884;20;15;12.0
55885;20;16;10.0
55886;20;17;23.0
55887;20;18;24.0
55888;20;19;64.0
55889;20;21;35.0
55890;20;22;96.0
55891;20;23;99.0
55892;20;24;91.0
55893;20;25;92.0
55894;20;26;103.0
55895;20;27;97.0
55896;20;28;86.0
55897;20;29;78.0
55898;20;30;70.0
55899;20;31;64.0
55900;20;32;60.0
55901;20;33;43.0
55902;20;34;21.0
55903;20;35;52.0
55904;20;36;75.0
55905;20;37;21.0
55906;20;38;11.0
55907;20;39;32.0
55908;20;40;44.0
55909;20;41;44.0
55910;20;42;51.0
55911;20;43;62.0
55912;20;44;51.0
55913;20;45;42.0
55914;20;46;34.0
55915;20;47;29.0
55916;20;48;27.0
55917;20;49;25.0
55918;20;50;38.0
55919;20;51;43.0
55920;20;52;51.0
55921;20;53;55.0
55922;20;54;66.0
55923;20;55;71.0
55924;20;56;77.0
55925;20;57;84.0
55926;20;58;94.0
55927;20;59;107.0
55928;20;60;98.0
55929;20;61;104.0
55930;20;62;98.0
55931;20;63;101.0
55932;20;64;88.0
55933;20;65;74.0
55934;20;66;37.0
55935;20;67;51.0
55936;20;68;27.0
55937;20;69;13.0
55938;21;1;75.0
55939;21;2;59.0
55940;21;3;50.0
55941;21;4;36.0
55942;21;5;19.0
55943;21;6;12.0
55944;21;7;7.0
55945;21;8;13.0
55946;21;9;26.0
55947;21;10;33.0
55948;21;11;53.0
55949;21;12;56.0
55950;21;13;60.0
55951;21;14;44.0
55952;21;15;44.0
55953;21;16;38.0
55954;21;17;43.0
55955;21;18;12.0
55956;21;19;38.0
55957;21;20;35.0
55958;21;22;68.0
55959;21;23;77.0
55960;21;24;72.0
55961;21;25;74.0
55962;21;26;86.0
55963;21;27;88.0
55964;21;28;80.0
55965;21;29;71.0
55966;21;30;64.0
55967;21;31;60.0
55968;21;32;61.0
55969;21;33;58.0
55970;21;34;33.0
55971;21;35;43.0
55972;21;36;59.0
55973;21;37;53.0
55974;21;38;38.0
55975;21;39;50.0
55976;21;40;55.0
55977;21;41;44.0
55978;21;42;51.0
55979;21;43;63.0
55980;21;44;27.0
55981;21;45;26.0
55982;21;46;25.0
55983;21;47;23.0
55984;21;48;16.0
55985;21;49;10.0
55986;21;50;7.0
55987;21;51;9.0
55988;21;52;20.0
55989;21;53;26.0
55990;21;54;36.0
55991;21;55;44.0
55992;21;56;48.0
55993;21;57;54.0
55994;21;58;65.0
55995;21;59;80.0
55996;21;60;75.0
55997;21;61;83.0
55998;21;62;79.0
55999;21;63;84.0
56000;21;64;70.0
56001;21;65;51.0
56002;21;66;22.0
56003;21;67;40.0
56004;21;68;29.0
56005;21;69;22.0
56006;22;1;15.0
56007;22;2;11.0
56008;22;3;20.0
56009;22;4;32.0
56010;22;5;49.0
56011;22;6;57.0
56012;22;7;64.0
56013;22;8;74.0
56014;22;9;88.0
56015;22;10;97.0
56016;22;11;120.0
56017;22;12;124.0
56018;22;13;126.0
56019;22;14;104.0
56020;22;15;99.0
56021;22;16;93.0
56022;22;17;111.0
56023;22;18;76.0
56024;22;19;33.0
56025;22;20;96.0
56026;22;21;68.0
56027;22;23;24.0
56028;22;24;29.0
56029;22;25;34.0
56030;22;26;41.0
56031;22;27;61.0
56032;22;28;61.0
56033;22;29;58.0
56034;22;30;58.0
56035;22;31;61.0
56036;22;32;69.0
56037;22;33;89.0
56038;22;34;81.0
56039;22;35;56.0
56040;22;36;38.0
56041;22;37;117.0
56042;22;38;92.0
56043;22;39;89.0
56044;22;40;123.0
56045;22;41;110.0
56046;22;42;116.0
56047;22;43;127.0
56048;22;44;84.0
56049;22;45;90.0
56050;22;46;92.0
56051;22;47;91.0
56052;22;48;84.0
56053;22;49;76.0
56054;22;50;71.0
56055;22;51;59.0
56056;22;52;48.0
56057;22;53;42.0
56058;22;54;32.0
56059;22;55;25.0
56060;22;56;19.0
56061;22;57;13.0
56062;22;58;3.0
56063;22;59;13.0
56064;22;60;21.0
56065;22;61;29.0
56066;22;62;33.0
56067;22;63;39.0
56068;22;64;32.0
56069;22;65;24.0
56070;22;66;59.0
56071;22;67;102.0
56072;22;68;97.0
56073;22;69;83.0
56074;23;1;11.0
56075;23;2;32.0
56076;23;3;38.0
56077;23;4;47.0
56078;23;5;61.0
56079;23;6;67.0
56080;23;7;75.0
56081;23;8;86.0
56082;23;9;100.0
56083;23;10;109.0
56084;23;11;130.0
56085;23;12;131.0
56086;23;13;130.0
56087;23;14;105.0
56088;23;15;99.0
56089;23;16;93.0
56090;23;17;117.0
56091;23;18;83.0
56092;23;19;40.0
56093;23;20;99.0
56094;23;21;77.0
56095;23;22;24.0
56096;23;24;10.0
56097;23;25;13.0
56098;23;26;17.0
56099;23;27;39.0
56100;23;28;42.0
56101;23;29;41.0
56102;23;30;43.0
56103;23;31;49.0
56104;23;32;57.0
56105;23;33;80.0
56106;23;34;81.0
56107;23;35;50.0
56108;23;36;26.0
56109;23;37;120.0
56110;23;38;93.0
56111;23;39;84.0
56112;23;40;132.0
56113;23;41;122.0
56114;23;42;128.0
56115;23;43;140.0
56116;23;44;98.0
56117;23;45;102.0
56118;23;46;103.0
56119;23;47;100.0
56120;23;48;93.0
56121;23;49;84.0
56122;23;50;82.0
56123;23;51;70.0
56124;23;52;59.0
56125;23;53;51.0
56126;23;54;45.0
56127;23;55;33.0
56128;23;56;33.0
56129;23;57;30.0
56130;23;58;25.0
56131;23;59;19.0
56132;23;60;3.0
56133;23;61;6.0
56134;23;62;10.0
56135;23;63;15.0
56136;23;64;14.0
56137;23;65;26.0
56138;23;66;62.0
56139;23;67;116.0
56140;23;68;106.0
56141;23;69;87.0
56142;24;1;19.0
56143;24;2;35.0
56144;24;3;38.0
56145;24;4;45.0
56146;24;5;57.0
56147;24;6;62.0
56148;24;7;70.0
56149;24;8;81.0
56150;24;9;96.0
56151;24;10;104.0
56152;24;11;124.0
56153;24;12;124.0
56154;24;13;122.0
56155;24;14;96.0
56156;24;15;90.0
56157;24;16;85.0
56158;24;17;110.0
56159;24;18;76.0
56160;24;19;36.0
56161;24;20;91.0
56162;24;21;72.0
56163;24;22;29.0
56164;24;23;10.0
56165;24;25;5.0
56166;24;26;15.0
56167;24;27;32.0
56168;24;28;33.0
56169;24;29;31.0
56170;24;30;33.0
56171;24;31;39.0
56172;24;32;47.0
56173;24;33;71.0
56174;24;34;72.0
56175;24;35;41.0
56176;24;36;16.0
56177;24;37;112.0
56178;24;38;84.0
56179;24;39;74.0
56180;24;40;126.0
56181;24;41;116.0
56182;24;42;123.0
56183;24;43;135.0
56184;24;44;95.0
56185;24;45;98.0
56186;24;46;97.0
56187;24;47;95.0
56188;24;48;87.0
56189;24;49;78.0
56190;24;50;77.0
56191;24;51;65.0
56192;24;52;54.0
56193;24;53;46.0
56194;24;54;42.0
56195;24;55;30.0
56196;24;56;32.0
56197;24;57;32.0
56198;24;58;30.0
56199;24;59;28.0
56200;24;60;11.0
56201;24;61;13.0
56202;24;62;8.0
56203;24;63;13.0
56204;24;64;4.0
56205;24;65;22.0
56206;24;66;55.0
56207;24;67;111.0
56208;24;68;100.0
56209;24;69;80.0
56210;25;1;23.0
56211;25;2;40.0
56212;25;3;43.0
56213;25;4;49.0
56214;25;5;60.0
56215;25;6;65.0
56216;25;7;73.0
56217;25;8;84.0
56218;25;9;99.0
56219;25;10;107.0
56220;25;11;126.0
56221;25;12;125.0
56222;25;13;123.0
56223;25;14;96.0
56224;25;15;90.0
56225;25;16;85.0
56226;25;17;112.0
56227;25;18;78.0
56228;25;19;39.0
56229;25;20;92.0
56230;25;21;74.0
56231;25;22;34.0
56232;25;23;13.0
56233;25;24;5.0
56234;25;26;11.0
56235;25;27;26.0
56236;25;28;28.0
56237;25;29;27.0
56238;25;30;30.0
56239;25;31;36.0
56240;25;32;45.0
56241;25;33;69.0
56242;25;34;72.0
56243;25;35;41.0
56244;25;36;16.0
56245;25;37;112.0
56246;25;38;84.0
56247;25;39;73.0
56248;25;40;128.0
56249;25;41;119.0
56250;25;42;125.0
56251;25;43;138.0
56252;25;44;98.0
56253;25;45;100.0
56254;25;46;100.0
56255;25;47;97.0
56256;25;48;90.0
56257;25;49;79.0
56258;25;50;80.0
56259;25;51;68.0
56260;25;52;58.0
56261;25;53;49.0
56262;25;54;46.0
56263;25;55;34.0
56264;25;56;37.0
56265;25;57;36.0
56266;25;58;35.0
56267;25;59;33.0
56268;25;60;15.0
56269;25;61;15.0
56270;25;62;7.0
56271;25;63;9.0
56272;25;64;5.0
56273;25;65;26.0
56274;25;66;56.0
56275;25;67;114.0
56276;25;68;102.0
56277;25;69;81.0
56278;26;1;28.0
56279;26;2;49.0
56280;26;3;53.0
56281;26;4;60.0
56282;26;5;72.0
56283;26;6;77.0
56284;26;7;85.0
56285;26;8;96.0
56286;26;9;111.0
56287;26;10;119.0
56288;26;11;138.0
56289;26;12;136.0
56290;26;13;134.0
56291;26;14;107.0
56292;26;15;100.0
56293;26;16;95.0
56294;26;17;123.0
56295;26;18;90.0
56296;26;19;51.0
56297;26;20;103.0
56298;26;21;86.0
56299;26;22;41.0
56300;26;23;17.0
56301;26;24;15.0
56302;26;25;11.0
56303;26;27;24.0
56304;26;28;29.0
56305;26;29;32.0
56306;26;30;37.0
56307;26;31;44.0
56308;26;32;52.0
56309;26;33;77.0
56310;26;34;83.0
56311;26;35;51.0
56312;26;36;27.0
56313;26;37;123.0
56314;26;38;95.0
56315;26;39;82.0
56316;26;40;140.0
56317;26;41;130.0
56318;26;42;137.0
56319;26;43;149.0
56320;26;44;110.0
56321;26;45;112.0
56322;26;46;112.0
56323;26;47;109.0
56324;26;48;101.0
56325;26;49;91.0
56326;26;50;92.0
56327;26;51;80.0
56328;26;52;69.0
56329;26;53;61.0
56330;26;54;58.0
56331;26;55;46.0
56332;26;56;47.0
56333;26;57;46.0
56334;26;58;43.0
56335;26;59;36.0
56336;26;60;20.0
56337;26;61;14.0
56338;26;62;9.0
56339;26;63;3.0
56340;26;64;16.0
56341;26;65;37.0
56342;26;66;68.0
56343;26;67;126.0
56344;26;68;113.0
56345;26;69;93.0
56346;27;1;49.0
56347;27;2;67.0
56348;27;3;68.0
56349;27;4;71.0
56350;27;5;78.0
56351;27;6;82.0
56352;27;7;89.0
56353;27;8;100.0
56354;27;9;114.0
56355;27;10;121.0
56356;27;11;137.0
56357;27;12;132.0
56358;27;13;127.0
56359;27;14;99.0
56360;27;15;91.0
56361;27;16;88.0
56362;27;17;119.0
56363;27;18;89.0
56364;27;19;59.0
56365;27;20;97.0
56366;27;21;88.0
56367;27;22;61.0
56368;27;23;39.0
56369;27;24;32.0
56370;27;25;26.0
56371;27;26;24.0
56372;27;28;10.0
56373;27;29;18.0
56374;27;30;26.0
56375;27;31;32.0
56376;27;32;38.0
56377;27;33;62.0
56378;27;34;76.0
56379;27;35;46.0
56380;27;36;31.0
56381;27;37;116.0
56382;27;38;87.0
56383;27;39;70.0
56384;27;40;138.0
56385;27;41;131.0
56386;27;42;138.0
56387;27;43;151.0
56388;27;44;115.0
56389;27;45;115.0
56390;27;46;113.0
56391;27;47;109.0
56392;27;48;102.0
56393;27;49;91.0
56394;27;50;95.0
56395;27;51;84.0
56396;27;52;76.0
56397;27;53;67.0
56398;27;54;68.0
56399;27;55;57.0
56400;27;56;61.0
56401;27;57;62.0
56402;27;58;62.0
56403;27;59;58.0
56404;27;60;41.0
56405;27;61;37.0
56406;27;62;30.0
56407;27;63;25.0
56408;27;64;30.0
56409;27;65;48.0
56410;27;66;67.0
56411;27;67;129.0
56412;27;68;112.0
56413;27;69;89.0
56414;28;1;51.0
56415;28;2;65.0
56416;28;3;65.0
56417;28;4;66.0
56418;28;5;71.0
56419;28;6;74.0
56420;28;7;81.0
56421;28;8;92.0
56422;28;9;105.0
56423;28;10;112.0
56424;28;11;127.0
56425;28;12;122.0
56426;28;13;116.0
56427;28;14;88.0
56428;28;15;81.0
56429;28;16;77.0
56430;28;17;109.0
56431;28;18;80.0
56432;28;19;54.0
56433;28;20;86.0
56434;28;21;80.0
56435;28;22;61.0
56436;28;23;42.0
56437;28;24;33.0
56438;28;25;28.0
56439;28;26;29.0
56440;28;27;10.0
56441;28;29;8.0
56442;28;30;16.0
56443;28;31;22.0
56444;28;32;27.0
56445;28;33;52.0
56446;28;34;66.0
56447;28;35;37.0
56448;28;36;26.0
56449;28;37;105.0
56450;28;38;76.0
56451;28;39;60.0
56452;28;40;128.0
56453;28;41;121.0
56454;28;42;129.0
56455;28;43;141.0
56456;28;44;107.0
56457;28;45;106.0
56458;28;46;104.0
56459;28;47;100.0
56460;28;48;93.0
56461;28;49;82.0
56462;28;50;87.0
56463;28;51;76.0
56464;28;52;69.0
56465;28;53;60.0
56466;28;54;63.0
56467;28;55;52.0
56468;28;56;58.0
56469;28;57;60.0
56470;28;58;62.0
56471;28;59;61.0
56472;28;60;43.0
56473;28;61;41.0
56474;28;62;33.0
56475;28;63;30.0
56476;28;64;30.0
56477;28;65;45.0
56478;28;66;58.0
56479;28;67;120.0
56480;28;68;103.0
56481;28;69;79.0
56482;29;1;50.0
56483;29;2;61.0
56484;29;3;60.0
56485;29;4;59.0
56486;29;5;63.0
56487;29;6;66.0
56488;29;7;72.0
56489;29;8;83.0
56490;29;9;97.0
56491;29;10;103.0
56492;29;11;118.0
56493;29;12;113.0
56494;29;13;108.0
56495;29;14;80.0
56496;29;15;73.0
56497;29;16;69.0
56498;29;17;100.0
56499;29;18;71.0
56500;29;19;47.0
56501;29;20;78.0
56502;29;21;71.0
56503;29;22;58.0
56504;29;23;41.0
56505;29;24;31.0
56506;29;25;27.0
56507;29;26;32.0
56508;29;27;18.0
56509;29;28;8.0
56510;29;30;7.0
56511;29;31;13.0
56512;29;32;20.0
56513;29;33;45.0
56514;29;34;57.0
56515;29;35;28.0
56516;29;36;21.0
56517;29;37;97.0
56518;29;38;68.0
56519;29;39;52.0
56520;29;40;119.0
56521;29;41;113.0
56522;29;42;120.0
56523;29;43;132.0
56524;29;44;98.0
56525;29;45;98.0
56526;29;46;95.0
56527;29;47;91.0
56528;29;48;84.0
56529;29;49;73.0
56530;29;50;78.0
56531;29;51;68.0
56532;29;52;60.0
56533;29;53;52.0
56534;29;54;56.0
56535;29;55;46.0
56536;29;56;52.0
56537;29;57;55.0
56538;29;58;58.0
56539;29;59;60.0
56540;29;60;42.0
56541;29;61;42.0
56542;29;62;34.0
56543;29;63;32.0
56544;29;64;28.0
56545;29;65;39.0
56546;29;66;49.0
56547;29;67;111.0
56548;29;68;94.0
56549;29;69;70.0
56550;30;1;51.0
56551;30;2;59.0
56552;30;3;57.0
56553;30;4;55.0
56554;30;5;57.0
56555;30;6;59.0
56556;30;7;65.0
56557;30;8;76.0
56558;30;9;89.0
56559;30;10;96.0
56560;30;11;111.0
56561;30;12;106.0
56562;30;13;100.0
56563;30;14;73.0
56564;30;15;65.0
56565;30;16;61.0
56566;30;17;93.0
56567;30;18;64.0
56568;30;19;42.0
56569;30;20;70.0
56570;30;21;64.0
56571;30;22;58.0
56572;30;23;43.0
56573;30;24;33.0
56574;30;25;30.0
56575;30;26;37.0
56576;30;27;26.0
56577;30;28;16.0
56578;30;29;7.0
56579;30;31;6.0
56580;30;32;14.0
56581;30;33;39.0
56582;30;34;50.0
56583;30;35;20.0
56584;30;36;19.0
56585;30;37;90.0
56586;30;38;61.0
56587;30;39;45.0
56588;30;40;111.0
56589;30;41;105.0
56590;30;42;113.0
56591;30;43;125.0
56592;30;44;92.0
56593;30;45;91.0
56594;30;46;88.0
56595;30;47;83.0
56596;30;48;76.0
56597;30;49;66.0
56598;30;50;71.0
56599;30;51;61.0
56600;30;52;55.0
56601;30;53;47.0
56602;30;54;52.0
56603;30;55;42.0
56604;30;56;49.0
56605;30;57;53.0
56606;30;58;58.0
56607;30;59;61.0
56608;30;60;44.0
56609;30;61;45.0
56610;30;62;37.0
56611;30;63;36.0
56612;30;64;30.0
56613;30;65;36.0
56614;30;66;42.0
56615;30;67;104.0
56616;30;68;87.0
56617;30;69;63.0
56618;31;1;56.0
56619;31;2;62.0
56620;31;3;59.0
56621;31;4;55.0
56622;31;5;55.0
56623;31;6;56.0
56624;31;7;62.0
56625;31;8;73.0
56626;31;9;85.0
56627;31;10;91.0
56628;31;11;106.0
56629;31;12;100.0
56630;31;13;94.0
56631;31;14;66.0
56632;31;15;59.0
56633;31;16;55.0
56634;31;17;87.0
56635;31;18;59.0
56636;31;19;42.0
56637;31;20;64.0
56638;31;21;60.0
56639;31;22;61.0
56640;31;23;49.0
56641;31;24;39.0
56642;31;25;36.0
56643;31;26;44.0
56644;31;27;32.0
56645;31;28;22.0
56646;31;29;13.0
56647;31;30;6.0
56648;31;32;8.0
56649;31;33;32.0
56650;31;34;43.0
56651;31;35;16.0
56652;31;36;24.0
56653;31;37;83.0
56654;31;38;54.0
56655;31;39;38.0
56656;31;40;106.0
56657;31;41;100.0
56658;31;42;108.0
56659;31;43;120.0
56660;31;44;88.0
56661;31;45;86.0
56662;31;46;83.0
56663;31;47;79.0
56664;31;48;72.0
56665;31;49;61.0
56666;31;50;67.0
56667;31;51;58.0
56668;31;52;53.0
56669;31;53;46.0
56670;31;54;52.0
56671;31;55;44.0
56672;31;56;51.0
56673;31;57;55.0
56674;31;58;61.0
56675;31;59;66.0
56676;31;60;49.0
56677;31;61;51.0
56678;31;62;43.0
56679;31;63;43.0
56680;31;64;35.0
56681;31;65;39.0
56682;31;66;38.0
56683;31;67;100.0
56684;31;68;81.0
56685;31;69;57.0
56686;32;1;64.0
56687;32;2;69.0
56688;32;3;66.0
56689;32;4;61.0
56690;32;5;58.0
56691;32;6;59.0
56692;32;7;64.0
56693;32;8;74.0
56694;32;9;86.0
56695;32;10;91.0
56696;32;11;104.0
56697;32;12;96.0
56698;32;13;90.0
56699;32;14;62.0
56700;32;15;54.0
56701;32;16;51.0
56702;32;17;84.0
56703;32;18;59.0
56704;32;19;48.0
56705;32;20;60.0
56706;32;21;61.0
56707;32;22;69.0
56708;32;23;57.0
56709;32;24;47.0
56710;32;25;45.0
56711;32;26;52.0
56712;32;27;38.0
56713;32;28;27.0
56714;32;29;20.0
56715;32;30;14.0
56716;32;31;8.0
56717;32;33;25.0
56718;32;34;40.0
56719;32;35;19.0
56720;32;36;32.0
56721;32;37;79.0
56722;32;38;50.0
56723;32;39;32.0
56724;32;40;103.0
56725;32;41;99.0
56726;32;42;107.0
56727;32;43;119.0
56728;32;44;89.0
56729;32;45;87.0
56730;32;46;82.0
56731;32;47;78.0
56732;32;48;71.0
56733;32;49;61.0
56734;32;50;69.0
56735;32;51;60.0
56736;32;52;56.0
56737;32;53;50.0
56738;32;54;58.0
56739;32;55;50.0
56740;32;56;58.0
56741;32;57;63.0
56742;32;58;69.0
56743;32;59;74.0
56744;32;60;58.0
56745;32;61;60.0
56746;32;62;52.0
56747;32;63;51.0
56748;32;64;43.0
56749;32;65;46.0
56750;32;66;40.0
56751;32;67;100.0
56752;32;68;80.0
56753;32;69;55.0
56754;33;1;86.0
56755;33;2;86.0
56756;33;3;80.0
56757;33;4;72.0
56758;33;5;63.0
56759;33;6;61.0
56760;33;7;63.0
56761;33;8;70.0
56762;33;9;79.0
56763;33;10;81.0
56764;33;11;89.0
56765;33;12;78.0
56766;33;13;69.0
56767;33;14;42.0
56768;33;15;34.0
56769;33;16;33.0
56770;33;17;67.0
56771;33;18;52.0
56772;33;19;61.0
56773;33;20;43.0
56774;33;21;58.0
56775;33;22;89.0
56776;33;23;80.0
56777;33;24;71.0
56778;33;25;69.0
56779;33;26;77.0
56780;33;27;62.0
56781;33;28;52.0
56782;33;29;45.0
56783;33;30;39.0
56784;33;31;32.0
56785;33;32;25.0
56786;33;34;27.0
56787;33;35;32.0
56788;33;36;54.0
56789;33;37;58.0
56790;33;38;32.0
56791;33;39;11.0
56792;33;40;87.0
56793;33;41;86.0
56794;33;42;94.0
56795;33;43;105.0
56796;33;44;84.0
56797;33;45;79.0
56798;33;46;73.0
56799;33;47;68.0
56800;33;48;63.0
56801;33;49;54.0
56802;33;50;65.0
56803;33;51;61.0
56804;33;52;62.0
56805;33;53;58.0
56806;33;54;69.0
56807;33;55;66.0
56808;33;56;74.0
56809;33;57;79.0
56810;33;58;88.0
56811;33;59;96.0
56812;33;60;80.0
56813;33;61;83.0
56814;33;62;76.0
56815;33;63;76.0
56816;33;64;67.0
56817;33;65;64.0
56818;33;66;41.0
56819;33;67;91.0
56820;33;68;68.0
56821;33;69;43.0
56822;34;1;83.0
56823;34;2;75.0
56824;34;3;68.0
56825;34;4;56.0
56826;34;5;42.0
56827;34;6;38.0
56828;34;7;38.0
56829;34;8;43.0
56830;34;9;51.0
56831;34;10;53.0
56832;34;11;63.0
56833;34;12;56.0
56834;34;13;51.0
56835;34;14;24.0
56836;34;15;19.0
56837;34;16;13.0
56838;34;17;43.0
56839;34;18;25.0
56840;34;19;49.0
56841;34;20;21.0
56842;34;21;33.0
56843;34;22;81.0
56844;34;23;81.0
56845;34;24;72.0
56846;34;25;72.0
56847;34;26;83.0
56848;34;27;76.0
56849;34;28;66.0
56850;34;29;57.0
56851;34;30;50.0
56852;34;31;43.0
56853;34;32;40.0
56854;34;33;27.0
56855;34;35;31.0
56856;34;36;56.0
56857;34;37;40.0
56858;34;38;12.0
56859;34;39;17.0
56860;34;40;63.0
56861;34;41;60.0
56862;34;42;67.0
56863;34;43;79.0
56864;34;44;57.0
56865;34;45;51.0
56866;34;46;45.0
56867;34;47;40.0
56868;34;48;35.0
56869;34;49;27.0
56870;34;50;38.0
56871;34;51;37.0
56872;34;52;42.0
56873;34;53;42.0
56874;34;54;54.0
56875;34;55;55.0
56876;34;56;63.0
56877;34;57;69.0
56878;34;58;79.0
56879;34;59;91.0
56880;34;60;80.0
56881;34;61;85.0
56882;34;62;79.0
56883;34;63;81.0
56884;34;64;69.0
56885;34;65;57.0
56886;34;66;23.0
56887;34;67;63.0
56888;34;68;41.0
56889;34;69;16.0
56890;35;1;54.0
56891;35;2;54.0
56892;35;3;48.0
56893;35;4;42.0
56894;35;5;39.0
56895;35;6;40.0
56896;35;7;45.0
56897;35;8;56.0
56898;35;9;69.0
56899;35;10;75.0
56900;35;11;90.0
56901;35;12;86.0
56902;35;13;82.0
56903;35;14;56.0
56904;35;15;49.0
56905;35;16;44.0
56906;35;17;73.0
56907;35;18;43.0
56908;35;19;30.0
56909;35;20;52.0
56910;35;21;43.0
56911;35;22;56.0
56912;35;23;50.0
56913;35;24;41.0
56914;35;25;41.0
56915;35;26;51.0
56916;35;27;46.0
56917;35;28;37.0
56918;35;29;28.0
56919;35;30;20.0
56920;35;31;16.0
56921;35;32;19.0
56922;35;33;32.0
56923;35;34;31.0
56924;35;36;24.0
56925;35;37;72.0
56926;35;38;43.0
56927;35;39;33.0
56928;35;40;91.0
56929;35;41;84.0
56930;35;42;92.0
56931;35;43;104.0
56932;35;44;71.0
56933;35;45;70.0
56934;35;46;67.0
56935;35;47;63.0
56936;35;48;55.0
56937;35;49;45.0
56938;35;50;51.0
56939;35;51;41.0
56940;35;52;37.0
56941;35;53;30.0
56942;35;54;39.0
56943;35;55;33.0
56944;35;56;41.0
56945;35;57;47.0
56946;35;58;55.0
56947;35;59;64.0
56948;35;60;50.0
56949;35;61;54.0
56950;35;62;48.0
56951;35;63;49.0
56952;35;64;38.0
56953;35;65;31.0
56954;35;66;22.0
56955;35;67;83.0
56956;35;68;66.0
56957;35;69;42.0
56958;36;1;32.0
56959;36;2;40.0
56960;36;3;39.0
56961;36;4;40.0
56962;36;5;47.0
56963;36;6;51.0
56964;36;7;59.0
56965;36;8;70.0
56966;36;9;84.0
56967;36;10;92.0
